hybrid_nms <- c("518_298", "518_305", "518_316", "518_323", "518_327", "518_333",
                "518_437", "518_439", "518_444", "518_456", "536_305", "536_316",
                "536_323", "536_330", "536_333", "536_338", "536_340", "536_439",
                "536_444", "536_456", "536_473", "539_305", "539_316", "539_323",
                "539_444", "545_298", "545_305", "545_316", "545_323", "545_327",
                "545_330", "545_333", "545_336", "545_338", "545_340", "545_437",
                "545_439", "545_444", "545_456", "545_467", "545_473", "545_475",
                "552_305", "552_330", "552_333", "552_336", "552_340", "552_456",
                "552_467", "552_475", "554_305", "554_333", "554_456", "560_305",
                "560_323", "560_330", "560_333", "560_336", "560_338", "560_340",
                "560_348", "560_355", "560_365", "560_380", "560_383", "560_392",
                "560_394", "560_396", "560_397", "560_410", "560_417", "560_427",
                "560_429", "560_430", "560_431", "560_456", "560_467", "560_473",
                "560_475", "576_305", "576_333", "576_456", "577_305", "577_333",
                "577_456", "578_323", "578_330", "578_336", "578_338", "578_340",
                "578_456", "578_467", "578_473", "578_475", "580_323", "580_330",
                "580_338", "580_340", "580_473", "582_323", "582_330", "582_338",
                "582_340", "582_473", "584_323", "584_330", "584_338", "584_340",
                "584_348", "584_355", "584_365", "584_473", "586_323", "586_330",
                "586_338", "586_340", "586_473", "587_323", "587_330", "587_338",
                "587_340", "587_473", "592_323", "592_330", "592_338", "592_340",
                "592_473", "593_323", "593_330", "593_338", "593_340", "593_473",
                "595_323", "595_330", "595_338", "595_340", "595_473", "604_323",
                "604_338", "604_340", "604_348", "604_355", "604_365", "604_380",
                "604_383", "604_392", "604_394", "604_396", "604_397", "604_410",
                "604_417", "604_427", "604_429", "604_430", "604_431", "647_323",
                "647_338", "647_340", "647_348", "647_355", "647_365", "647_380",
                "647_383", "647_392", "647_394", "647_396", "647_397", "647_410",
                "647_417", "647_427", "647_429", "647_430", "647_431", "647_1863",
                "647_3217", "647_3614", "647_3615", "647_3616", "647_3617", "647_3618",
                "647_3619", "647_3620", "652_323", "652_340", "652_348", "652_355",
                "652_365", "652_380", "652_383", "652_392", "652_394", "652_396",
                "652_397", "652_410", "652_417", "652_427", "652_429", "652_430",
                "652_431", "652_1863", "652_3217", "652_3614", "652_3615", "652_3616",
                "652_3617", "652_3618", "652_3619", "652_3620", "671_340", "671_348",
                "671_355", "671_365", "671_380", "671_383", "671_392", "671_394",
                "671_396", "671_397", "671_410", "671_417", "671_427", "671_429",
                "671_430", "671_431", "671_1863", "671_3217", "671_3614", "671_3615",
                "671_3616", "671_3617", "671_3618", "671_3619", "671_3620", "677_323",
                "677_340", "677_348", "677_355", "677_365", "677_380", "677_383",
                "677_392", "677_394", "677_396", "677_397", "677_410", "677_417",
                "677_427", "677_429", "677_430", "677_431", "677_3217", "679_323",
                "679_340", "679_348", "679_355", "679_365", "679_380", "679_383",
                "679_394", "679_396", "679_397", "679_410", "679_417", "679_427",
                "679_429", "679_430", "679_431", "716_340", "716_348", "716_355",
                "716_365", "716_380", "716_383", "716_392", "716_394", "716_396",
                "716_397", "716_410", "716_417", "716_427", "716_429", "716_430",
                "716_431", "721_340", "721_348", "721_355", "721_365", "721_380",
                "721_383", "721_394", "721_396", "721_397", "721_410", "721_417",
                "721_427", "721_429", "721_430", "721_431", "723_340", "723_348",
                "723_355", "723_365", "723_380", "723_383", "723_394", "723_396",
                "723_397", "723_410", "723_417", "723_427", "723_429", "723_430",
                "723_431", "742_305", "742_316", "742_323", "742_444", "743_305",
                "743_316", "743_323", "743_444", "745_305", "745_316", "745_323",
                "745_444", "763_305", "763_330", "763_333", "763_336", "763_340",
                "763_456", "763_467", "763_475", "773_323", "773_330", "773_336",
                "773_338", "773_340", "773_456", "773_467", "773_473", "773_475",
                "776_330", "776_336", "776_340", "776_456", "776_467", "776_475",
                "777_330", "777_336", "777_340", "777_456", "777_467", "777_475",
                "785_330", "785_336", "785_340", "785_456", "785_467", "785_475",
                "794_330", "794_336", "794_340", "794_456", "794_467", "794_475",
                "3208_340", "3208_348", "3208_355", "3208_380", "3208_392", "3208_394",
                "3208_397", "3208_1863", "3208_3217", "3208_3614", "3208_3615",
                "3208_3616", "3208_3617", "3208_3618", "3208_3620", "3209_340",
                "3209_348", "3209_355", "3209_380", "3209_392", "3209_394", "3209_397",
                "3209_1863", "3209_3217", "3209_3614", "3209_3615", "3209_3616",
                "3209_3617", "3209_3618", "3209_3619", "3209_3620", "3275_340",
                "3275_392", "3275_394", "3275_397", "3275_1863", "3275_3217",
                "3275_3614", "3275_3615", "3275_3616", "3275_3617", "3275_3618",
                "3275_3619", "3275_3620", "3283_340", "3283_392", "3283_394",
                "3283_397", "3283_1863", "3283_3217", "3283_3614", "3283_3615",
                "3283_3616", "3283_3617", "3283_3618", "3283_3620", "3605_340",
                "3605_392", "3605_394", "3605_397", "3605_1863", "3605_3217",
                "3605_3614", "3605_3615", "3605_3616", "3605_3617", "3605_3618",
                "3605_3619", "3605_3620", "3606_340", "3606_392", "3606_394",
                "3606_397", "3606_1863", "3606_3217", "3606_3614", "3606_3615",
                "3606_3616", "3606_3617", "3606_3618", "3606_3619", "3606_3620",
                "3607_340", "3607_392", "3607_394", "3607_397", "3607_1863",
                "3607_3217", "3607_3614", "3607_3615", "3607_3616", "3607_3617",
                "3607_3618", "3607_3619", "3607_3620", "3608_340", "3608_392",
                "3608_394", "3608_397", "3608_1863", "3608_3217", "3608_3614",
                "3608_3615", "3608_3616", "3608_3617", "3608_3618", "3608_3619",
                "3608_3620", "3609_340", "3609_392", "3609_394", "3609_397",
                "3609_1863", "3609_3217", "3609_3614", "3609_3615", "3609_3616",
                "3609_3617", "3609_3618", "3609_3619", "3610_392", "3610_394",
                "3610_397", "3610_1863", "3610_3217", "3610_3614", "3610_3615",
                "3610_3616", "3610_3617", "3610_3618", "3611_340", "3611_392",
                "3611_394", "3611_397", "3611_1863", "3611_3217", "3611_3614",
                "3611_3615", "3611_3616", "3611_3617", "3611_3618", "3611_3619",
                "3611_3620", "3612_340", "3612_392", "3612_394", "3612_397",
                "3612_1863", "3612_3217", "3612_3614", "3612_3615", "3612_3616",
                "3612_3617", "3612_3618", "3612_3619", "3613_340", "3613_392",
                "3613_394", "3613_397", "3613_1863", "3613_3217", "3613_3614",
                "3613_3615", "3613_3616", "3613_3617", "3613_3618")
devtools::use_data(hybrid_nms, overwrite = TRUE)
